14,191
14,190
14,189
14,188
14,187
14,186
14,185
14,184
14,183
14,182
14,181
14,180
14,179
14,178
14,177
14,176
14,175
14,174
14,173
14,172
14,171
14,170
14,169
14,168
14,167
14,166
14,165
14,164
14,163
14,162
14,161
16,9
16,8
14,160
14,159
14,158
14,157
14,156
14,155
14,154
14,153
14,152
14,151
14,150
14,149
14,148
14,147
14,146
14,145
14,144
14,143
14,142
14,141
14,140
14,139
14,138
14,137
14,136
14,135
14,134
14,133
14,132
14,131
14,130
14,129
14,128
14,100
14,97
16,7
16,6
16,5
16,4
16,3
16,2
16,1
16,0
15,5
15,4
15,3
15,2
15,1
15,0
14,96
14,95
14,92
14,91
14,90
14,89
14,88
14,87
14,86
14,85
14,84
14,83
14,82
14,81
14,80
14,79
14,78
14,77
14,76
14,75
14,74
14,73
14,72
14,71
14,70
14,69
14,68
14,67
14,66
14,65
14,64
14,15
14,14
14,7
14,6
14,5
14,4
14,3
14,2
14,1
14,0
13,4
13,3
13,2
13,1
13,0
12,8
12,7
12,6
12,5
12,4
12,3
12,2
12,1
12,0
11,5
11,4
11,3
11,2
11,1
11,0
10,4
10,3
10,2
10,1
10,0
9,5
9,4
9,3
9,2
9,1
9,0
8,5
8,4
8,3
8,2
8,1
8,0
7,5
7,4
7,3
7,2
7,1
7,0
6,5
6,4
6,3
6,2
6,1
6,0
5,6
5,5
5,4
5,3
5,2
5,1
5,0
4,3
2,5
2,4
2,3
2,2
2,1
2,0
1,3
0,243
0,9
0,1
0,300
0,299
0,298
0,297
0,296
0,295
0,294
0,293
0,292
0,291
0,290
0,289
0,288
0,287
0,286
0,285
0,284
0,283
0,282
0,281
0,280
0,279
0,278
0,277
0,276
0,275
0,274
0,273
0,272
0,271
0,270
0,269
0,268
0,267
0,266
0,265
0,264
0,263
0,262
0,261
0,260
0,259
0,258
0,257
0,256
0,255
0,254
0,253
0,252
0,251
0,250
0,249
0,248
0,247
0,246
0,245
0,244
0,242
0,241
0,240
0,239
0,238
0,237
0,236
0,235
0,234
0,233
0,232
0,231
0,230
0,229
0,228
0,227
0,226
0,225
0,224
0,223
0,222
0,221
0,220
0,219
0,218
0,217
0,216
0,215
0,214
0,213
0,212
0,211
0,210
0,209
0,208
0,207
0,206
0,205
0,204
0,203
0,202
0,201
0,200
0,199
0,198
0,197
0,196
0,195
0,194
0,193
0,192
0,63
0,62
0,61
0,60
0,59
0,58
0,57
0,56
0,55
0,54
0,53
0,52
0,51
0,50
0,49
0,48
0,47
0,46
0,45
0,6
0,0
0,5
0,304
0,303
0,306
0,305
0,302
0,12
0,10
0,8
0,11
0,2
0,4
0,3
0,7
